000000000000000001000002030000003020001040000005000060030000004070080009620007000
000000000000000001000002030000003020004000050006010000030000006070080009520700000
000000000000000001000002030000004250006000000017000080000070006400060000900800010
000000000000000001000002030000004500001060000040000007000080400009000200306100090
000000000000000001000002030000004506003000000017000800000160000008000040060500200
000000000000000001000002030000010004003050000026000070140008000500000000700006020
000000000000000001000002030000040005002010006003007800000903200010000040050000000
000000000000000001000002030000040005003010000026000070150008000400000000700006020
000000000000000001000002030000040205006007000008090004000803060040000090050000000
000000000000000001000002030001004000005000006006003780040000020070050000090010000
000000000000000001000002030001004000005000006006007820040000070080050000090010000
000000000000000001000002030002000400003050000004100006050600000070000020080910000
000000000000000001000002030002000400003050000004600007050100000080000020090760000
000000000000000001000002034000003000005000160007004000040010000080090000230000080
000000000000000001000002034000004000005000600006030000030050000070060800240000007
000000000000000001000002034000004000005000600006030000030060000070050800240000007
000000000000000001000002034000004020001000000005060700020000000080070900340090000
000000000000000001000002034000004200001003000005000006000010070020060000380000500
000000000000000001000002034000004200001003000005000006000010070020060000480000500
000000000000000001000002034000005000001000600007003800000060700040010000350400000
000000000000000001000002034000005023006000007008009000000080000020060800030100000
000000000000000001000002034000005600007000080080010700000800000300600000905000003
000000000000000001000002034000010560002000000078004000000600800060030000400000002
000000000000000001000002340000050000003000600007010008050003000090006000180000005
000000000000000001000023000000000020001400005360000070000800000004150000070000360
000000000000000001000023000000000040005006030006100000030000006040700000280090007
000000000000000001000023000000000450001006030007800200000170009030000000050200000
000000000000000001000023000000002340001005000006000700000860000020010030040000900
000000000000000001000023000000004030005000000006700008030000040090100005240800000
000000000000000001000023000000004030005000000006700008030000040090100006240800000
000000000000000001000023000000004030005000000006700008030000040090800005240100000
000000000000000001000023000000004030005000000006700008030000040090800006240100000
000000000000000001000023000000004230001005000006000070000860000020000090030010004
000000000000000001000023000000100000000405006026000070030000080090000230400600000
000000000000000001000023000000100000000405006026000070080000030090000280400600000
000000000000000001000023000000100000000405006027000080003000270400600030500000000
000000000000000001000023000000100000000405006027000080008000270400600030500000000
000000000000000001000023000000104000003050000067000030000700020008000600100400005
000000000000000001000023000000400020005000360007100000010005000030002080940000000
000000000000000001000023000000400020005000360007100000010050000030060080940000000
000000000000000001000023004000000005002000063070890000000700800005900000103000000
000000000000000001000023004000005000002607000018000009000080060003000500500100000
000000000000000001000023004000005006002007030080400000000900080006100000703000000
000000000000000001000023004000005060007000000014080000000700020080000630600400000
000000000000000001000023040000000005002006030007100000000037060050008000910000000
000000000000000001000023040000000005002060030007100000000074060050080000910000000
000000000000000001000023040000000005004006030007100000000037020050008000910000000
000000000000000001000023040000000005004006030007100000000037060050008000910000000
000000000000000001000023040000000005006000000074002800000006200500100000910000080
000000000000000001000023040000000020000500000005106007004080000020000300080700005
000000000000000001000023040000000020005000030006700000030000700080900006420050000
000000000000000001000023040000000020005060300006170000020000000080900006430000000
000000000000000001000023040000001000005600000780000500000030700020000006091040000
000000000000000001000023040000002030001045000006000700000710000040000000230000080
000000000000000001000023040000002030005100000006700000020000007080000009430008000
000000000000000001000023040000004020002000005006100000030000006070500008940000000
000000000000000001000023040000004020002000005006700000030000006080100007940000000
000000000000000001000023040000004020005000000006100007020000008090800000340002000
000000000000000001000023040000004020005000000006100700040000000080900100320000800
000000000000000001000023040000004020005000000006700008020000007090100000340002000
000000000000000001000023040000004020005000000006700100040000000080100900320000800
000000000000000001000023040000004020005000000006700500040000000080500700320000900
000000000000000001000023040000004030005000000006700008030000000090100007240500000
000000000000000001000023040000004050001000020067000000000100007500008000900000806
000000000000000001000023040000004320005000000016700000000100006200000080930000000
000000000000000001000023040000004320005000000061700000000100006030008000200000090
000000000000000001000023040000004520006000000017000000000810007340006000500000000
000000000000000001000023040000004520006000000017800000000100007200000030940000000
000000000000000001000023040000004520006000000017800000000100007200000090300005000
000000000000000001000023040000004520006000000017800000000100007240005000300000000
000000000000000001000023040000004520006000000071800000000100007200005000940000000
000000000000000001000023040000004520006000000071800000000100007240005000300000000
000000000000000001000023040000004520006000000071800000000100007240009000300000000
000000000000000001000023040000004530006000000017800000000100007200050000300000090
000000000000000001000023040000004530006000000017800000000100007300000020940000000
000000000000000001000023040000005006001000000027800100000700000400000030600910000
000000000000000001000023040000005020001046000007000800000800004030000000250000030
000000000000000001000023040000005060002000030070800000000100708306008000500000000
000000000000000001000023040000005060007008000091000000000700000300000290500100008
000000000000000001000023040000005230006000000017800000000100007300000050920000000
000000000000000001000023040000005230006000000071800000000100007230004000900000000
000000000000000001000023040000005320006000000017800000000100007200000090430000000
000000000000000001000023040000005320006000000071800000000100007030004000200000050
000000000000000001000023040000005320006000000071800000000100007090004000200000050
000000000000000001000023040000005320006000000071800000000100007230004000900000000
000000000000000001000023040000005320006000000071800000000600009004010007200000000
000000000000000001000023040000005430006000700081000000000100000007680000400000200
000000000000000001000023040000005600001000708002004000000800200040000000350700000
000000000000000001000023040000005620007000000018900000000100008200000030400006000
000000000000000001000023040000005620007000000018900000000100008200000030450000000
000000000000000001000023040000005620007000000018900000000100008200000050300006000
000000000000000001000023040000005620007000000018900000000100008200000050430000000
000000000000000001000023040000005620007000000018900000000100008230000000400006000
000000000000000001000023040000005620007000000081900000000100008200006000450000000
000000000000000001000023040000005630007000000018900000000100008240000000300000050
000000000000000001000023040000005630007000000018900000000100008240060000300000000
000000000000000001000023040000005630007000000018900000000100008300000020450000000
000000000000000001000023040000015030006070000089000000000900006100000009200030000
000000000000000001000023040000035020006070000018000000000100006030000090420000000
000000000000000001000023040000045020006007000081000000000400000090100006500000030
